miRNA	ICS_vs_C_pvalue	ICS_vs_C_log2(FC)	UC_vs_C_pvalue	UC_vs_C_log2(FC)	UC_vs_ICS_pvalue	UC_vs_ICS_log2(FC)
hsa-miR-199b-5p	0.422910236136586	-0.224747183619913	0.026808595580984	0.557023117465754	0.0694968488480638	0.781770301085667
hsa-miR-103a-3p	0.157372577262884	-0.256235151750041	0.0335006140146821	-0.74388768327026	0.110288952124303	-0.487652531520218
hsa-miR-185-5p	0.144049680387639	0.421168224956311	0.144049680387639	-0.671979145431133	0.0130021163135816	-1.09314737038744
hsa-miR-24-3p	0.133110387496204	0.778895173664599	0.0165498638955714	1.26398007242502	0.158574505675883	0.485084898760418
hsa-miR-23a-3p	0.00367245671773597	1.03114368877884	0.0186679354454879	1.07961330630906	0.746820796882038	0.048469617530219
hsa-miR-331-3p	0.988388065915612	0.0766299265222879	0.0562562026509212	0.392534956489355	0.0542946315211199	0.315905029967067
hsa-miR-23b-3p	0.00494553909830842	0.882465665518464	0.0784644663752063	0.382705636116048	0.0926523770913832	-0.499760029402416
hsa-miR-505-3p	4.08242292504468e-06	1.79214238437989	0.00216477754320721	1.26534845044594	0.00985920471757362	-0.526793933933953
hsa-miR-18a-5p	0.41268254723873	-0.295134182496976	0.0287528646688973	-1.0245447513373	0.0832509937511681	-0.729410568840323
hsa-miR-92a-3p	0.0452078206595257	-1.27296109801822	0.359326302440281	-0.44725398172444	0.359326302440281	0.825707116293781
hsa-miR-625-3p	0.0573710444639852	-0.447146924394192	0.246122313834016	0.535967506116629	0.0573710444639852	0.983114430510821
hsa-miR-323a-3p	0.697934525102269	0.318600728468401	0.0574909638576493	1.99921121762186	0.0574909638576493	1.68061048915346
hsa-miR-125a-5p	0.125541088667999	-1.0445747364545	0.61696125502955	-0.30487161411926	0.0733774334864927	0.739703122335242
hsa-miR-202-3p	0.267339135376089	-1.21727350226674	0.00316522794466456	-2.25560574668571	0.267339135376089	-1.03833224441897
hsa-miR-30d-5p	0.858832515704244	-0.0540845000006164	0.0521115969491008	1.07564218540685	0.0521115969491008	1.12972668540747
hsa-miR-628-3p	0.257921452137101	-0.958500316171414	0.410595940756041	0.314664729133669	0.0145066314175588	1.27316504530508
hsa-miR-940	0.103974009090122	-0.522478557973698	0.0215476282372711	-1.01523736896852	0.209109868213292	-0.492758810994823
hsa-miR-200b-3p	0.204951071840044	-0.277281137188502	0.023031047504193	-1.12431889430219	0.0942984520302863	-0.847037757113684
hsa-miR-29b-3p	0.235482502262514	-0.183100803280869	0.10367445940428	-1.00949551754986	0.10367445940428	-0.826394714268995
hsa-let-7c-5p	0.137869391326983	-0.984158754832726	0.137869391326983	0.385634725835016	0.00815447658500013	1.36979348066774
hsa-miR-324-5p	0.0518251284489333	-0.659718648324024	0.198791225758676	-0.443014471904293	0.198791225758676	0.21670417641973
hsa-miR-19b-3p	0.0707350104786932	0.247670263644003	0.043952883559452	0.838554436846874	0.0707350104786932	0.590884173202871
hsa-miR-30b-5p	0.541830820801733	0.165770097037074	0.0192097684495498	0.61393930593609	0.0396524115137891	0.448169208899016
hsa-miR-335-5p	0.204407580204118	0.270814173214292	0.0453096467084537	1.01402398651655	0.118731095733925	0.74320981330226
hsa-miR-19a-3p	0.660054278460894	0.0183537183387405	0.0184538989399319	0.929876401231002	0.0212769095073551	0.911522682892262
hsa-let-7d-3p	0.000862829541480092	0.456180298486409	0.00624881580530223	0.793151652863869	0.129713447521331	0.33697135437746
hsa-miR-671-5p	0.0162948994059242	-1.06945792960863	0.0080698348003716	-2.60233972698025	0.0162948994059242	-1.53288179737161
hsa-miR-877-5p	0.0110001657228302	-1.35465800225635	0.591953522491867	0.758254975839869	0.0924202303253665	2.11291297809621
hsa-miR-10b-5p	0.096729468339805	-0.594232526527602	0.0883512961151274	0.742291135867312	0.0246468254690622	1.33652366239491
hsa-miR-652-3p	0.132328752560192	-0.568385051010026	0.0934031475402675	0.685601095393052	0.0203519290751917	1.25398614640308
hsa-miR-223-3p	0.00623403230306163	1.56479119517923	0.0596943984991656	1.22796132415545	0.329732653667671	-0.336829871023783
hsa-miR-627-5p	0.23051504341493	-1.44147869450973	0.23051504341493	-0.20135099696939	0.0244505331420708	1.24012769754034
hsa-miR-148b-3p	0.137438685281643	0.760948911064064	0.015556522019216	0.688183231678257	0.498319517797329	-0.0727656793858072
hsa-miR-127-3p	0.579791007061155	-0.414712166460637	0.131162937429272	-1.01346243912714	0.0411933192480045	-0.598750272666505
hsa-miR-145-5p	0.0208722961022296	0.817930820647954	0.538386832512039	-0.1084567061764	0.0208722961022296	-0.926387526824355
hsa-let-7a-5p	0.684206780997065	0.591403866413898	0.0371086942360956	0.679920679391343	0.0793956409114656	0.0885168129774447
hsa-miR-326	0.0339806064097576	1.02334940955628	0.586343724803023	0.00740142471743417	0.030433968138093	-1.01594798483884
hsa-miR-296-5p	0.00871459758737458	-1.28570055573628	0.678361086445807	-0.119889168977672	0.141451819834717	1.16581138675861
hsa-miR-20b-5p	0.473399746169474	0.492369793594911	0.0751276505209066	1.38000102344457	0.103080942736268	0.887631229849655
hsa-miR-151a-5p	0.0354711450160421	0.997122882705552	0.0154101178287038	0.937826933973459	0.825118644373565	-0.0592959487320933
hsa-miR-216a-5p	0.0192270397803274	-1.92284460499329	0.0128877757535961	-2.36345463146709	0.606346824367349	-0.440610026473801
hsa-miR-106a-5p	0.151825697686338	-0.207747213703195	0.00842494078623135	-0.70860659920965	0.151825697686338	-0.500859385506455
hsa-miR-425-3p	0.0155079392420228	-0.571023232890773	0.085882778905213	-0.515651534445822	0.524696730255047	0.0553716984449505
hsa-miR-183-5p	0.057069276026966	0.395983426499589	0.128456999767359	0.477578735285021	0.941915929548802	0.0815953087854319
hsa-miR-33b-5p	0.0438769372210568	0.552550920375053	0.441343385911024	-0.963187739171359	0.00285355097298368	-1.51573865954641
hsa-miR-484	0.059103369898426	-0.468653763855659	0.0258583752125503	-0.93868409764294	0.15567332424904	-0.470030333787281
hsa-miR-31-5p	0.300348711895994	-2.91020699586363	0.0734493820097306	-4.53105072455439	0.100168432633502	-1.62084372869076
hsa-miR-451a	0.546310322733883	-0.167391528310495	0.0169672289569771	-1.13440366731089	0.0169672289569771	-0.967012139000399
hsa-miR-27b-3p	0.00685161075932617	0.833696867351512	0.051684299293568	1.4286069483768	0.123599630761737	0.59491008102529
hsa-miR-374a-5p	0.177326531489843	1.1043338043044	0.0525163635529962	1.03955947081298	0.899492141081966	-0.0647743334914203
hsa-miR-153-3p	0.0126772125782191	2.46354164361698	0.380327643936556	1.08730405398985	0.0165831090289483	-1.37623758962713
hsa-miR-496	0.0217609671429164	-2.59854480519242	0.0639609667046228	-1.23579057299586	0.244465071306788	1.36275423219655
hsa-miR-300	0.132355857926998	2.1060846566078	0.132355857926998	1.74031937345624	0.505368259200026	-0.365765283151562
hsa-miR-1260a	0.143667278754021	0.618349376236397	0.0384621836782588	-1.37991323619588	0.0029505994979846	-1.99826261243228
hsa-let-7f-2-3p	0.0338063823646531	1.22103413109581	0.239927503427609	0.55407537562889	0.239927503427609	-0.666958755466919
hsa-miR-504-5p	0.830189358216891	0.329003152733813	0.0198073123080076	1.20483026342297	0.198104112803565	0.875827110689157
hsa-miR-411-3p	0.036479934679357	1.03384586597377	0.32730006802369	0.74233113561284	0.561986915565311	-0.291514730360927
hsa-miR-182-3p	0.0307747273098906	-1.27480933322252	0.0307747273098906	-6.97045129235842	0.413592758457615	-5.69564195913591
hsa-miR-554	0.221549575169708	1.93793784389638	0.0305632316501285	-4.1661107753233	0.221549575169708	-6.10404861921968
hsa-miR-32-3p	0.112308399317953	-3.24134751353085	0.270650230598264	-0.469636166433176	0.00858522970584596	2.77171134709768
